1 0
2 0
4 0
9 0
10 0
31 0
33 0
34 0
35 0
40 0
46 0
47 0
48 0
50 0
52 0
54 0
57 0
58 0
59 0
65 0
70 0
71 0
72 0
75 0
78 0
80 0
85 0
90 0
91 0
95 0
98 0
0 1
35 1
41 1
73 1
0 2
28 2
29 2
37 2
39 2
43 2
62 2
68 2
80 2
86 2
88 3
92 3
0 4
79 5
78 6
77 7
75 8
0 9
72 9
0 10
89 11
49 12
99 13
61 14
65 14
72 14
78 14
97 15
88 16
96 16
95 17
73 18
89 18
93 18
58 19
77 20
86 20
85 21
85 22
89 22
90 22
91 22
85 23
80 24
85 24
95 24
103 25
82 26
82 27
2 28
2 29
83 30
0 31
41 31
43 31
50 31
72 31
77 31
97 31
103 31
81 32
0 33
97 33
98 33
0 34
65 34
72 34
85 34
0 35
1 35
48 36
74 36
2 37
39 37
59 38
73 38
103 38
2 39
37 39
0 40
58 40
64 40
66 40
70 40
80 40
85 40
1 41
31 41
42 41
43 41
69 41
76 41
77 41
79 41
41 42
43 42
64 42
66 42
80 42
2 43
31 43
41 43
42 43
44 43
45 43
53 43
55 43
58 43
70 43
87 43
103 43
43 44
55 44
43 45
46 45
71 45
78 45
82 45
84 45
0 46
45 46
71 46
78 46
0 47
94 47
103 47
0 48
36 48
49 48
78 48
102 48
12 49
48 49
0 50
31 50
65 50
83 50
103 50
59 51
81 51
85 51
96 51
103 51
0 52
53 52
54 52
67 52
74 52
43 53
52 53
56 53
0 54
52 54
86 54
43 55
44 55
103 55
53 56
0 57
61 57
68 57
73 57
87 57
97 57
0 58
19 58
40 58
43 58
66 58
80 58
81 58
0 59
38 59
51 59
60 59
86 59
59 60
61 60
65 60
73 60
14 61
57 61
60 61
72 61
87 61
2 62
63 62
68 62
103 62
62 63
40 64
42 64
66 64
80 64
0 65
14 65
34 65
50 65
60 65
72 65
73 65
79 65
96 65
97 65
40 66
42 66
58 66
64 66
80 66
52 67
2 68
57 68
62 68
73 68
103 68
41 69
0 70
40 70
43 70
0 71
45 71
46 71
75 71
89 71
92 71
0 72
9 72
14 72
31 72
34 72
61 72
65 72
1 73
18 73
38 73
57 73
60 73
65 73
68 73
82 73
98 73
103 73
36 74
52 74
0 75
8 75
71 75
41 76
77 76
89 76
95 76
98 76
100 76
7 77
20 77
31 77
41 77
76 77
103 77
0 78
6 78
14 78
45 78
46 78
48 78
101 78
5 79
41 79
65 79
80 79
97 79
0 80
2 80
24 80
40 80
42 80
58 80
64 80
66 80
79 80
85 80
97 80
103 80
32 81
51 81
58 81
95 81
99 81
26 82
27 82
45 82
73 82
103 82
30 83
50 83
45 84
0 85
21 85
22 85
23 85
24 85
34 85
40 85
51 85
80 85
90 85
91 85
95 85
96 85
2 86
20 86
54 86
59 86
43 87
57 87
61 87
3 88
16 88
89 88
96 88
11 89
18 89
22 89
71 89
76 89
88 89
92 89
93 89
103 89
0 90
22 90
85 90
91 90
0 91
22 91
85 91
90 91
3 92
71 92
89 92
18 93
89 93
47 94
0 95
17 95
24 95
76 95
81 95
85 95
16 96
51 96
65 96
85 96
88 96
15 97
31 97
33 97
57 97
65 97
79 97
80 97
0 98
33 98
73 98
76 98
13 99
81 99
76 100
78 101
102 101
48 102
101 102
25 103
31 103
38 103
43 103
47 103
50 103
51 103
55 103
62 103
68 103
73 103
77 103
80 103
82 103
89 103
